<?xml version="1.0" encoding="UTF-8"?>
<document version="1.1.0">
  <chunks next_id="1" active_id="0">
    <chunk id="0" label="Chunk 1" enabled="true">
      <sensors next_id="1">
        <sensor id="0" label="X-M1 (50 mm)" type="frame">
          <resolution width="3288" height="4952"/>
          <property name="focal_length" value="5.0000000000000000e+01"/>
          <property name="fixed" value="false"/>
          <calibration type="frame" class="adjusted">
            <resolution width="3288" height="4952"/>
            <fx>1.0403074608966994e+04</fx>
            <fy>1.0402965711360808e+04</fy>
            <cx>1.5766459960826696e+03</cx>
            <cy>2.5143645976626149e+03</cy>
            <k1>6.5455032109959954e-02</k1>
            <k2>-2.1264260096368184e+00</k2>
            <k3>2.7737688902037522e+01</k3>
            <p1>7.0870343682217255e-03</p1>
            <p2>-2.2149281014183105e-03</p2>
          </calibration>
        </sensor>
      </sensors>
      <cameras next_id="91" next_group_id="0">
        <camera id="0" label="DSCF4912.tiff" sensor_id="0" enabled="true">
          <transform>-8.0239344571999230e-02 7.4885843668942398e-01 -6.5785461112751042e-01 1.3600633351819457e+01 -2.5441794677868296e-01 6.2273584815027827e-01 7.3991321909091001e-01 -1.8150333897639527e+01 9.6375990575431969e-01 2.2674017118196288e-01 1.4055510959335121e-01 1.2300903360233244e+01 0.0000000000000000e+00 0.0000000000000000e+00 0.0000000000000000e+00 1.0000000000000000e+00</transform>
        </camera>
        <camera id="1" label="DSCF4913.tiff" sensor_id="0" enabled="true">
          <transform>5.2480715041327675e-01 6.0802100096347400e-01 -5.9572469922143689e-01 1.3296461699719668e+01 -2.2648874138345818e-01 7.7436174560542326e-01 5.9081870059220276e-01 -1.5312462040338817e+01 8.2053659571138771e-01 -1.7514094133096642e-01 5.4410049234316049e-01 3.5501997344686425e+00 0.0000000000000000e+00 0.0000000000000000e+00 0.0000000000000000e+00 1.0000000000000000e+00</transform>
        </camera>
        <camera id="2" label="DSCF4914.tiff" sensor_id="0" enabled="true">
          <transform>8.8766968356074594e-01 3.1260354177047422e-01 -3.3811471213143107e-01 7.1769034885782705e+00 -1.0247214611005659e-01 8.4995281526526656e-01 5.1679751459759060e-01 -1.3521445549041344e+01 4.4893428490010023e-01 -4.2409814606433155e-01 7.8651050237490949e-01 -1.7722972946925779e+00 0.0000000000000000e+00 0.0000000000000000e+00 0.0000000000000000e+00 1.0000000000000000e+00</transform>
        </camera>
        <camera id="3" label="DSCF4915.tiff" sensor_id="0" enabled="true">
          <transform>9.8886715822618010e-01 8.5954809799989484e-02 -1.2146404428441569e-01 2.4265412744562620e+00 -1.3163671369893409e-02 8.6361741204896936e-01 5.0397587577373781e-01 -1.3365675019697344e+01 1.4821761412782325e-01 -4.9676627932870820e-01 8.5513437691638117e-01 -2.5676764953696791e+00 0.0000000000000000e+00 0.0000000000000000e+00 0.0000000000000000e+00 1.0000000000000000e+00</transform>
        </camera>
        <camera id="4" label="DSCF4916.tiff" sensor_id="0" enabled="true">
          <transform>8.7974084535545127e-01 -3.4445680520335697e-01 3.2772786631956186e-01 -7.1781851757438080e+00 1.7945735349513550e-01 8.7887583979873740e-01 4.4200940769918695e-01 -1.2518371580971705e+01 -4.4028525218294334e-01 -3.3004055442802893e-01 8.3499828092220718e-01 -4.2501427642255063e+00 0.0000000000000000e+00 0.0000000000000000e+00 0.0000000000000000e+00 1.0000000000000000e+00</transform>
        </camera>
        <camera id="5" label="DSCF4917.tiff" sensor_id="0" enabled="true">
          <transform>3.5093052738581565e-01 -6.8485508138172846e-01 6.3860886499823932e-01 -1.3136793710989661e+01 2.8158788563800075e-01 7.2759704955698967e-01 6.2554839631948855e-01 -1.5703878867751349e+01 -8.9305992386324995e-01 -3.9699508581211573e-02 4.4818291066011967e-01 6.7039522633509270e+00 0.0000000000000000e+00 0.0000000000000000e+00 0.0000000000000000e+00 1.0000000000000000e+00</transform>
        </camera>
        <camera id="6" label="DSCF4918.tiff" sensor_id="0" enabled="true">
          <transform>-4.5982147452612709e-01 -5.9139578573683027e-01 6.6243130676118800e-01 -1.4232251510840797e+01 3.0404827491601316e-01 5.9603184306045787e-01 7.4316935390161887e-01 -1.9286424708392669e+01 -8.3433737665599916e-01 5.4313632420477109e-01 -9.4255372494701728e-02 1.7900958089145618e+01 0.0000000000000000e+00 0.0000000000000000e+00 0.0000000000000000e+00 1.0000000000000000e+00</transform>
        </camera>
        <camera id="7" label="DSCF4919.tiff" sensor_id="0" enabled="true">
          <transform>-8.6176751005353613e-01 -3.0048552218566077e-01 4.0873611239152718e-01 -1.0086114927148680e+01 2.0566178973565580e-01 5.2959064238173204e-01 8.2294409272102520e-01 -2.1750862345951013e+01 -4.6374560575692281e-01 7.9324788210149988e-01 -3.9458561895060179e-01 2.5745759404351208e+01 0.0000000000000000e+00 0.0000000000000000e+00 0.0000000000000000e+00 1.0000000000000000e+00</transform>
        </camera>
        <camera id="8" label="DSCF4920.tiff" sensor_id="0" enabled="true">
          <transform>-9.8105986571937709e-01 -1.0196097073031385e-01 1.6469820983365260e-01 -2.4162687763439181e+00 1.0906427184603038e-01 4.1191493442789651e-01 9.0467180314297202e-01 -2.1573553154574938e+01 -1.6008286754482184e-01 9.0549988804140302e-01 -3.9299291122822233e-01 2.3689078353282213e+01 0.0000000000000000e+00 0.0000000000000000e+00 0.0000000000000000e+00 1.0000000000000000e+00</transform>
        </camera>
        <camera id="9" label="DSCF4921.tiff" sensor_id="0" enabled="true">
          <transform>-9.6418427929833228e-01 2.3112852916516985e-01 -1.3010871823171938e-01 3.6587181946271681e+00 -1.2647882388536549e-02 4.4992052081951051e-01 8.9297903447762239e-01 -2.1991506147066477e+01 2.6493151308412038e-01 8.6264194655224491e-01 -4.3088300665437307e-01 2.4870714152853704e+01 0.0000000000000000e+00 0.0000000000000000e+00 0.0000000000000000e+00 1.0000000000000000e+00</transform>
        </camera>
        <camera id="10" label="DSCF4922.tiff" sensor_id="0" enabled="true">
          <transform>-7.7256746593298686e-01 5.1408963966729648e-01 -3.7262763312539282e-01 8.8217339388507519e+00 -1.2048382127330898e-01 4.5751487028459670e-01 8.8100158472039625e-01 -2.1119371750292203e+01 6.2339647046904634e-01 7.2552876294135804e-01 -2.9152161969829593e-01 2.1545408203876658e+01 0.0000000000000000e+00 0.0000000000000000e+00 0.0000000000000000e+00 1.0000000000000000e+00</transform>
        </camera>
        <camera id="11" label="DSCF4923.tiff" sensor_id="0" enabled="true">
          <transform>8.2668485171266015e-02 8.7050551639188201e-01 -4.8516602054429908e-01 8.7700865051283490e+00 -2.8253389240437327e-01 4.8733013358058952e-01 8.2624690047658200e-01 -1.7329032860884087e+01 9.5568850636717517e-01 6.8771264606868165e-02 2.8623415582709538e-01 1.0332688633141865e+01 0.0000000000000000e+00 0.0000000000000000e+00 0.0000000000000000e+00 1.0000000000000000e+00</transform>
        </camera>
        <camera id="12" label="DSCF4924.tiff" sensor_id="0" enabled="true">
          <transform>-2.6605425058101293e-02 5.4016187141432859e-01 -8.4114047817689042e-01 1.4425395333941282e+01 -2.7438193247893627e-01 8.0517526992768995e-01 5.2574455758095662e-01 -1.0859001729056846e+01 9.6125267567201178e-01 2.4478140731485654e-01 1.2678862782740458e-01 1.3162042560318879e+01 0.0000000000000000e+00 0.0000000000000000e+00 0.0000000000000000e+00 1.0000000000000000e+00</transform>
        </camera>
        <camera id="13" label="DSCF4926.tiff" sensor_id="0" enabled="true">
          <transform>3.4980361218386918e-01 4.9338546821355739e-01 -7.9637190599543739e-01 1.3623224211952902e+01 -2.6978313160797124e-01 8.6711878540240961e-01 4.1871478825334774e-01 -9.1100205015449376e+00 8.9713683170568415e-01 6.8379761318232951e-02 4.3642836003077085e-01 8.0425177983752913e+00 0.0000000000000000e+00 0.0000000000000000e+00 0.0000000000000000e+00 1.0000000000000000e+00</transform>
        </camera>
        <camera id="14" label="DSCF4927.tiff" sensor_id="0" enabled="true">
          <transform>7.1230081418565627e-01 3.7165662679034089e-01 -5.9539810368632895e-01 1.0510091302732038e+01 -2.1212272569130924e-01 9.2262040630045528e-01 3.2214210392817688e-01 -7.5159880615073149e+00 6.6905268802669116e-01 -1.0316461428613991e-01 7.3602008328812007e-01 3.1533074504858960e+00 0.0000000000000000e+00 0.0000000000000000e+00 0.0000000000000000e+00 1.0000000000000000e+00</transform>
        </camera>
        <camera id="15" label="DSCF4928.tiff" sensor_id="0" enabled="true">
          <transform>9.2513599881810815e-01 1.9864882203682535e-01 -3.2351511432111335e-01 6.0537797403214340e+00 -1.1638896457651024e-01 9.5954755833526328e-01 2.5636320371231602e-01 -6.2216877225248108e+00 3.6135438646241613e-01 -1.9951723934591789e-01 9.1083251950518018e-01 -6.3012972333782591e-01 0.0000000000000000e+00 0.0000000000000000e+00 0.0000000000000000e+00 1.0000000000000000e+00</transform>
        </camera>
        <camera id="16" label="DSCF4929.tiff" sensor_id="0" enabled="true">
          <transform>9.9830525093018174e-01 3.5791318780154235e-02 -4.5886898622637382e-02 7.1782227803103349e-01 -2.3934678679505349e-02 9.7125163113851765e-01 2.3684889733177497e-01 -5.6984380949891147e+00 5.3044859522253934e-02 -2.3534920970920262e-01 9.7046225705460498e-01 -2.0249160184724295e+00 0.0000000000000000e+00 0.0000000000000000e+00 0.0000000000000000e+00 1.0000000000000000e+00</transform>
        </camera>
        <camera id="17" label="DSCF4930.tiff" sensor_id="0" enabled="true">
          <transform>9.2448889298699999e-01 -1.9163057418087837e-01 3.2954212140905176e-01 -5.7444029343936291e+00 1.1354626714417348e-01 9.6365230931730472e-01 2.4182942741744579e-01 -5.8657326405868497e+00 -3.6390593834299451e-01 -1.8615034189206470e-01 9.1264479303405444e-01 -7.4044616861649881e-01 0.0000000000000000e+00 0.0000000000000000e+00 0.0000000000000000e+00 1.0000000000000000e+00</transform>
        </camera>
        <camera id="18" label="DSCF4931.tiff" sensor_id="0" enabled="true">
          <transform>7.5873662771123340e-01 -3.3371273636686261e-01 5.5942339900644666e-01 -9.3229902374004201e+00 1.9946511216650054e-01 9.3657618059967285e-01 2.8816440960280687e-01 -6.8208556833789471e+00 -6.2010676403163878e-01 -1.0705544133704635e-01 7.7717870125366895e-01 2.2526134451905451e+00 0.0000000000000000e+00 0.0000000000000000e+00 0.0000000000000000e+00 1.0000000000000000e+00</transform>
        </camera>
        <camera id="19" label="DSCF4932.tiff" sensor_id="0" enabled="true">
          <transform>4.1553505625699494e-01 -4.4823467903434111e-01 7.9146464831505736e-01 -1.4223619858771723e+01 2.8530210043695359e-01 8.9046295694425881e-01 3.5451154254318673e-01 -8.1157142374103515e+00 -8.6367431854128829e-01 7.8494552811443519e-02 4.9790087032578384e-01 6.9078818596819795e+00 0.0000000000000000e+00 0.0000000000000000e+00 0.0000000000000000e+00 1.0000000000000000e+00</transform>
        </camera>
        <camera id="20" label="DSCF4933.tiff" sensor_id="0" enabled="true">
          <transform>6.6600726389475645e-02 -4.9619725444667495e-01 8.6565156265322840e-01 -1.4021955064331520e+01 3.4801493344919521e-01 8.2464707168774576e-01 4.4591794452923550e-01 -9.8608065119370103e+00 -9.3512028602781716e-01 2.7156121195120608e-01 2.2760614847329078e-01 1.1965144341582445e+01 0.0000000000000000e+00 0.0000000000000000e+00 0.0000000000000000e+00 1.0000000000000000e+00</transform>
        </camera>
        <camera id="21" label="DSCF4934.tiff" sensor_id="0" enabled="true">
          <transform>-2.6530537812534927e-01 -4.7634640491405722e-01 8.3827630221975058e-01 -1.2985962429144637e+01 3.2247967099697072e-01 7.7552070833439435e-01 5.4274717202230105e-01 -1.1056492231915163e+01 -9.0863629584749206e-01 4.1432080984422304e-01 -5.2137782831420121e-02 1.6260331286043602e+01 0.0000000000000000e+00 0.0000000000000000e+00 0.0000000000000000e+00 1.0000000000000000e+00</transform>
        </camera>
        <camera id="22" label="DSCF4935.tiff" sensor_id="0" enabled="true">
          <transform>-4.0562192043470785e-01 -4.7293948068638153e-01 7.8217587873249805e-01 -1.1166593472083658e+01 3.1026772159603505e-01 7.3368378596200512e-01 6.0451802549805267e-01 -1.1547860279048869e+01 -8.5977020104122304e-01 4.8788969022162654e-01 -1.5086037112833994e-01 1.7935692066380714e+01 0.0000000000000000e+00 0.0000000000000000e+00 0.0000000000000000e+00 1.0000000000000000e+00</transform>
        </camera>
        <camera id="23" label="DSCF4936.tiff" sensor_id="0" enabled="true">
          <transform>-7.6502044893979337e-01 -3.1447487945365793e-01 5.6200468227281197e-01 -8.2793080108081387e+00 2.3172102305331410e-01 6.7980873316960932e-01 6.9581998662114930e-01 -1.2922539252432985e+01 -6.0087359750540092e-01 6.6254481848320135e-01 -4.4719714145103745e-01 2.2240719826278848e+01 0.0000000000000000e+00 0.0000000000000000e+00 0.0000000000000000e+00 1.0000000000000000e+00</transform>
        </camera>
        <camera id="24" label="DSCF4937.tiff" sensor_id="0" enabled="true">
          <transform>-9.6913204144381981e-01 -9.0661693134499718e-02 2.2926740641643781e-01 -3.5287436255480018e+00 1.0843251097136407e-01 6.7842019830776601e-01 7.2662812021865497e-01 -1.4695788207038435e+01 -2.2141697498470905e-01 7.2905863407961691e-01 -6.4764807670723745e-01 2.6918548357214046e+01 0.0000000000000000e+00 0.0000000000000000e+00 0.0000000000000000e+00 1.0000000000000000e+00</transform>
        </camera>
        <camera id="25" label="DSCF4938.tiff" sensor_id="0" enabled="true">
          <transform>-9.9891834481666364e-01 4.5432930786340642e-02 -9.8989488785757029e-03 5.9251413035383294e-01 2.3046368895857289e-02 6.6864648094619772e-01 7.4322321572928651e-01 -1.4898589010857062e+01 4.0385706251756158e-02 7.4219116965808019e-01 -6.6897030009718494e-01 2.7252807782386846e+01 0.0000000000000000e+00 0.0000000000000000e+00 0.0000000000000000e+00 1.0000000000000000e+00</transform>
        </camera>
        <camera id="26" label="DSCF4939.tiff" sensor_id="0" enabled="true">
          <transform>-9.2038007977658987e-01 2.2650340201871783e-01 -3.1874240010451244e-01 6.2136978125414384e+00 -8.6208022771681159e-02 6.7755020530519183e-01 7.3040666487970229e-01 -1.4618424175900515e+01 3.8140357308268008e-01 6.9972989657784357e-01 -6.0407730157234441e-01 2.6017553526712646e+01 0.0000000000000000e+00 0.0000000000000000e+00 0.0000000000000000e+00 1.0000000000000000e+00</transform>
        </camera>
        <camera id="27" label="DSCF4940.tiff" sensor_id="0" enabled="true">
          <transform>-7.5121640112573018e-01 3.6302074863969136e-01 -5.5126205631875669e-01 9.6453344942980497e+00 -1.7252067376926364e-01 6.9815413476775612e-01 6.9485064670681940e-01 -1.3889431107097840e+01 6.3711108591979881e-01 6.1708730351852470e-01 -4.6183625240373977e-01 2.3487443557666818e+01 0.0000000000000000e+00 0.0000000000000000e+00 0.0000000000000000e+00 1.0000000000000000e+00</transform>
        </camera>
        <camera id="28" label="DSCF4942.tiff" sensor_id="0" enabled="true">
          <transform>-4.8784690307114603e-02 5.7161990102359583e-01 -8.1906699527292237e-01 1.2122134497906558e+01 -2.5852608592270876e-01 7.8487122328961645e-01 5.6315311039658222e-01 -1.0615642138286162e+01 9.6477163976203362e-01 2.3922343448256797e-01 1.0948895608800627e-01 1.3697576084167348e+01 0.0000000000000000e+00 0.0000000000000000e+00 0.0000000000000000e+00 1.0000000000000000e+00</transform>
        </camera>
        <camera id="29" label="DSCF4943.tiff" sensor_id="0" enabled="true">
          <transform>-1.9318369688156669e-02 2.5752029508442875e-01 -9.6607975768681764e-01 1.1170151045329538e+01 -2.6649835989134407e-01 9.2997606076846351e-01 2.5322549352858253e-01 -4.9120730355370190e+00 9.6364175125811946e-01 2.6235057464621508e-01 5.0663114935674367e-02 1.4790715711921441e+01 0.0000000000000000e+00 0.0000000000000000e+00 0.0000000000000000e+00 1.0000000000000000e+00</transform>
        </camera>
        <camera id="30" label="DSCF4944.tiff" sensor_id="0" enabled="true">
          <transform>3.5541063207307011e-01 2.2967821799742208e-01 -9.0605253643867112e-01 1.1463075303209862e+01 -2.5481363858407746e-01 9.5643349215280482e-01 1.4249556021130447e-01 -3.6301564175522412e+00 8.9930711784182149e-01 1.8023010643596429e-01 3.9845177441331220e-01 1.0739752382415661e+01 0.0000000000000000e+00 0.0000000000000000e+00 0.0000000000000000e+00 1.0000000000000000e+00</transform>
        </camera>
        <camera id="31" label="DSCF4945.tiff" sensor_id="0" enabled="true">
          <transform>5.4237728859584411e-01 2.0006144003939455e-01 -8.1596709310166693e-01 1.0438045204115463e+01 -2.3153851091876063e-01 9.6921571126747685e-01 8.3730657430848357e-02 -2.8051606674161644e+00 8.0759940241244821e-01 1.4351419874577864e-01 5.7200251746073083e-01 8.2869969874029152e+00 0.0000000000000000e+00 0.0000000000000000e+00 0.0000000000000000e+00 1.0000000000000000e+00</transform>
        </camera>
        <camera id="32" label="DSCF4946.tiff" sensor_id="0" enabled="true">
          <transform>7.6913751541690745e-01 1.4889764116431944e-01 -6.2149575608688423e-01 8.5913576515318866e+00 -1.7457140621729947e-01 9.8444520801453528e-01 1.9810516109705308e-02 -1.7746612445665799e+00 6.1477825800008656e-01 9.3258376958425787e-02 7.8316701195687444e-01 5.0478996429114789e+00 0.0000000000000000e+00 0.0000000000000000e+00 0.0000000000000000e+00 1.0000000000000000e+00</transform>
        </camera>
        <camera id="33" label="DSCF4948.tiff" sensor_id="0" enabled="true">
          <transform>9.1290274145593908e-01 8.6415780862180436e-02 -3.9892467642427237e-01 6.0253766232304091e+00 -1.0524505937059958e-01 9.9411943075714460e-01 -2.5495781399472259e-02 -7.9955154229675940e-01 3.9437553438354894e-01 6.5260019989809362e-02 9.1662918766021184e-01 2.1769324448088625e+00 0.0000000000000000e+00 0.0000000000000000e+00 0.0000000000000000e+00 1.0000000000000000e+00</transform>
        </camera>
        <camera id="34" label="DSCF4950.tiff" sensor_id="0" enabled="true">
          <transform>9.9965882740715351e-01 -8.2610699187972269e-03 2.4778690658539857e-02 -3.6316720587563800e-01 1.0819319205727986e-02 9.9441801541206953e-01 -1.0495595721942394e-01 -4.0035737904377519e-02 -2.3773327888190841e-02 1.0518823768709942e-01 9.9416812639181051e-01 -1.8116949891273104e-01 0.0000000000000000e+00 0.0000000000000000e+00 0.0000000000000000e+00 1.0000000000000000e+00</transform>
        </camera>
        <camera id="35" label="DSCF4951.tiff" sensor_id="0" enabled="true">
          <transform>9.9342158662890290e-01 -2.5387884781226062e-02 1.1166470582081166e-01 -1.4771522852612251e+00 3.7309964863322033e-02 9.9366495395884580e-01 -1.0600908355354560e-01 -1.4023755165214180e-01 -1.0826595836924409e-01 1.0947791823148689e-01 9.8807543622847394e-01 2.5281398810486466e-01 0.0000000000000000e+00 0.0000000000000000e+00 0.0000000000000000e+00 1.0000000000000000e+00</transform>
        </camera>
        <camera id="36" label="DSCF4952.tiff" sensor_id="0" enabled="true">
          <transform>8.4553756564303795e-01 -1.0511835302925635e-01 5.2346571706546552e-01 -7.5960009685503103e+00 1.7677391288183478e-01 9.8024730933281634e-01 -8.8691579477532811e-02 -9.6679077163906069e-01 -5.0380274791915425e-01 1.6752714526962686e-01 8.4741810624208314e-01 3.3911576707217579e+00 0.0000000000000000e+00 0.0000000000000000e+00 0.0000000000000000e+00 1.0000000000000000e+00</transform>
        </camera>
        <camera id="37" label="DSCF4953.tiff" sensor_id="0" enabled="true">
          <transform>6.3982535952159525e-01 -1.4049828968946770e-01 7.5556848789993603e-01 -1.0801897976293814e+01 2.5175070327165805e-01 9.6721797634581985e-01 -3.3331211134949579e-02 -1.7014291567563233e+00 -7.2611644569950817e-01 2.1154105234642145e-01 6.5422113268900262e-01 5.7885227954805476e+00 0.0000000000000000e+00 0.0000000000000000e+00 0.0000000000000000e+00 1.0000000000000000e+00</transform>
        </camera>
        <camera id="38" label="DSCF4954.tiff" sensor_id="0" enabled="true">
          <transform>4.0130164554874492e-01 -1.6931990684430220e-01 9.0015985159642964e-01 -1.1948040026752464e+01 3.0726854416859789e-01 9.5070247523894591e-01 4.1843103841035234e-02 -2.8474705654491861e+00 -8.6286906946788855e-01 2.5979910069278161e-01 4.3354514901546526e-01 9.7210084088346900e+00 0.0000000000000000e+00 0.0000000000000000e+00 0.0000000000000000e+00 1.0000000000000000e+00</transform>
        </camera>
        <camera id="39" label="DSCF4955.tiff" sensor_id="0" enabled="true">
          <transform>2.8258023739614047e-02 -1.7613068138427954e-01 9.8396111059809721e-01 -1.2516907401249792e+01 3.3940181060658103e-01 9.2756682019792935e-01 1.5628885124946262e-01 -4.3960131643093563e+00 -9.4021694041923420e-01 3.2954176843461219e-01 8.5990277390426723e-02 1.4585412288734597e+01 0.0000000000000000e+00 0.0000000000000000e+00 0.0000000000000000e+00 1.0000000000000000e+00</transform>
        </camera>
        <camera id="40" label="DSCF4956.tiff" sensor_id="0" enabled="true">
          <transform>-2.3727711419777284e-01 -2.1320862685482114e-01 9.4775611446862151e-01 -1.1555942528915621e+01 3.4099007488724153e-01 8.9525964160979599e-01 2.8676809957366878e-01 -5.4814753663612050e+00 -9.0962923210853908e-01 3.9121893555831599e-01 -1.3972259858107325e-01 1.7568791665393785e+01 0.0000000000000000e+00 0.0000000000000000e+00 0.0000000000000000e+00 1.0000000000000000e+00</transform>
        </camera>
        <camera id="41" label="DSCF4957.tiff" sensor_id="0" enabled="true">
          <transform>-5.3975546192586443e-01 -1.2740902931178139e-01 8.3212437806557893e-01 -1.1441879965834907e+01 2.8431342360227102e-01 9.0280802081585076e-01 3.2265082474731532e-01 -6.8919320198335168e+00 -7.9235719122170689e-01 4.1073667574298356e-01 -4.5107146298436007e-01 2.2144881642851516e+01 0.0000000000000000e+00 0.0000000000000000e+00 0.0000000000000000e+00 1.0000000000000000e+00</transform>
        </camera>
        <camera id="42" label="DSCF4958.tiff" sensor_id="0" enabled="true">
          <transform>-9.0180486725079601e-01 -3.0844379802677263e-02 4.3104130386467893e-01 -6.0031549347063526e+00 1.8160251597150015e-01 8.7805101317976075e-01 4.4277188759768543e-01 -8.5238146735564229e+00 -3.9213327784771762e-01 4.7757202858687670e-01 -7.8622926040425400e-01 2.7095357368137190e+01 0.0000000000000000e+00 0.0000000000000000e+00 0.0000000000000000e+00 1.0000000000000000e+00</transform>
        </camera>
        <camera id="43" label="DSCF4959.tiff" sensor_id="0" enabled="true">
          <transform>-9.8591291703273720e-01 2.6647117106566177e-02 1.6512313943814233e-01 -2.2808810821960122e+00 1.0105728982809553e-01 8.8156108061975524e-01 4.6112632250732455e-01 -9.4183984328922019e+00 -1.3327844612164247e-01 4.7131729470330042e-01 -8.7183534197287660e-01 2.9691406761931226e+01 0.0000000000000000e+00 0.0000000000000000e+00 0.0000000000000000e+00 1.0000000000000000e+00</transform>
        </camera>
        <camera id="44" label="DSCF4960.tiff" sensor_id="0" enabled="true">
          <transform>-9.9358299071185330e-01 7.5846740331061355e-02 -8.3905378547753137e-02 1.9686829137140460e+00 2.7492538906239174e-02 8.8153773935652324e-01 4.7131239575750566e-01 -9.4892471974563577e+00 1.0971326662066956e-01 4.6598120785214431e-01 -8.7796612295468357e-01 2.9701158722319366e+01 0.0000000000000000e+00 0.0000000000000000e+00 0.0000000000000000e+00 1.0000000000000000e+00</transform>
        </camera>
        <camera id="45" label="DSCF4961.tiff" sensor_id="0" enabled="true">
          <transform>-8.8567639626420891e-01 1.4002096650759283e-01 -4.4268662735475023e-01 7.2432074979888190e+00 -8.3167037526121992e-02 8.9018030591081210e-01 4.4795342038839348e-01 -8.7656838974258608e+00 4.5679378823444233e-01 4.3355870641334338e-01 -7.7676655638847869e-01 2.6982359299213375e+01 0.0000000000000000e+00 0.0000000000000000e+00 0.0000000000000000e+00 1.0000000000000000e+00</transform>
        </camera>
        <camera id="46" label="DSCF4962.tiff" sensor_id="0" enabled="true">
          <transform>-6.5682735017610039e-01 1.8554643115712488e-01 -7.3085590504934461e-01 1.1705849159843302e+01 -1.7673791600949595e-01 9.0436901397031078e-01 3.8843325760674463e-01 -7.8815951076832294e+00 7.3303583889552271e-01 3.8430353687576391e-01 -5.6122121346178244e-01 2.3962532664941243e+01 0.0000000000000000e+00 0.0000000000000000e+00 0.0000000000000000e+00 1.0000000000000000e+00</transform>
        </camera>
        <camera id="47" label="DSCF4963.tiff" sensor_id="0" enabled="true">
          <transform>-5.1765275318070691e-01 2.2478886565294751e-01 -8.2553352021761983e-01 1.2083902033818973e+01 -2.0002323693858406e-01 9.0633648466200678e-01 3.7221617543455521e-01 -7.1872545630613018e+00 8.3188120053830128e-01 3.5780461490732285e-01 -4.2420458005775619e-01 2.1650766907097868e+01 0.0000000000000000e+00 0.0000000000000000e+00 0.0000000000000000e+00 1.0000000000000000e+00</transform>
        </camera>
        <camera id="48" label="DSCF4964.tiff" sensor_id="0" enabled="true">
          <transform>-1.3244494789473527e-01 2.2549367846040244e-01 -9.6519994651448116e-01 1.2698404990238446e+01 -2.5918244280032843e-01 9.3201933487477717e-01 2.5330696943359465e-01 -5.5238254860699936e+00 9.5670413248883546e-01 2.8371210829637528e-01 -6.4997249824976802e-02 1.6518897280416247e+01 0.0000000000000000e+00 0.0000000000000000e+00 0.0000000000000000e+00 1.0000000000000000e+00</transform>
        </camera>
        <camera id="49" label="DSCF4965.tiff" sensor_id="0" enabled="true">
          <transform>4.2912815485993565e-02 -2.5313110783995285e-01 -9.6647976311497763e-01 1.4396725289840331e+01 -2.8512182529096464e-01 9.2403800580803475e-01 -2.5467490760783518e-01 1.7366421440277753e+00 9.5753017446439459e-01 2.8649329148520897e-01 -3.2520131059965700e-02 1.5886753302506644e+01 0.0000000000000000e+00 0.0000000000000000e+00 0.0000000000000000e+00 1.0000000000000000e+00</transform>
        </camera>
        <camera id="50" label="DSCF4966.tiff" sensor_id="0" enabled="true">
          <transform>3.4830926904988824e-01 -2.4103589418028024e-01 -9.0586000618784646e-01 1.3855230023518812e+01 -2.6574830749124578e-01 9.0133478210741536e-01 -3.4201381204406950e-01 3.0409262312862779e+00 8.9892073630519331e-01 3.5985734434646538e-01 2.4988837820202564e-01 1.1983733457294578e+01 0.0000000000000000e+00 0.0000000000000000e+00 0.0000000000000000e+00 1.0000000000000000e+00</transform>
        </camera>
        <camera id="51" label="DSCF4967.tiff" sensor_id="0" enabled="true">
          <transform>5.1702201916429569e-01 -2.2215314684059373e-01 -8.2664152511720368e-01 1.2202587266853925e+01 -2.4453966932016707e-01 8.8715075960365863e-01 -3.9136157177657965e-01 3.7617964336458978e+00 8.2029786165030205e-01 4.0448919526171917e-01 4.0435121996658890e-01 9.7405000951644940e+00 0.0000000000000000e+00 0.0000000000000000e+00 0.0000000000000000e+00 1.0000000000000000e+00</transform>
        </camera>
        <camera id="52" label="DSCF4968.tiff" sensor_id="0" enabled="true">
          <transform>7.5562827132921451e-01 -1.7210738967028424e-01 -6.3198493810288237e-01 8.6913325859483983e+00 -1.8704897052357319e-01 8.6798284685213489e-01 -4.6002006499340314e-01 4.7818273502943223e+00 6.2772493832417919e-01 4.6581629854626633e-01 6.2367986805296283e-01 6.8166149412834169e+00 0.0000000000000000e+00 0.0000000000000000e+00 0.0000000000000000e+00 1.0000000000000000e+00</transform>
        </camera>
        <camera id="53" label="DSCF4969.tiff" sensor_id="0" enabled="true">
          <transform>9.2270255954389124e-01 -1.0823770749751251e-01 -3.7000619628167669e-01 5.6360229222587792e+00 -1.0533616600516581e-01 8.5246967610759361e-01 -5.1205443406765516e-01 5.8259444357157744e+00 3.7084266035946284e-01 5.1144897105449072e-01 7.7517460695305207e-01 3.7627406915341850e+00 0.0000000000000000e+00 0.0000000000000000e+00 0.0000000000000000e+00 1.0000000000000000e+00</transform>
        </camera>
        <camera id="54" label="DSCF4970.tiff" sensor_id="0" enabled="true">
          <transform>9.8882060970507701e-01 -5.0138904816087071e-02 -1.4042753307782374e-01 2.2390850444334283e+00 -3.3764305144293252e-02 8.4201919327112007e-01 -5.3838986790352517e-01 6.2672872359191167e+00 1.4523695645600321e-01 5.3711243551689958e-01 8.3091302679191492e-01 2.6561020750610393e+00 0.0000000000000000e+00 0.0000000000000000e+00 0.0000000000000000e+00 1.0000000000000000e+00</transform>
        </camera>
        <camera id="55" label="DSCF4971.tiff" sensor_id="0" enabled="true">
          <transform>9.9491872551143667e-01 1.4810674359610275e-02 9.9586010823369445e-02 -1.5321680651764342e+00 4.1893684934013874e-02 8.3852609558777125e-01 -5.4324847554408973e-01 6.3499298803353987e+00 -9.1551345098519740e-02 5.4466010588562608e-01 8.3364484060498467e-01 2.5924668232460633e+00 0.0000000000000000e+00 0.0000000000000000e+00 0.0000000000000000e+00 1.0000000000000000e+00</transform>
        </camera>
        <camera id="56" label="DSCF4972.tiff" sensor_id="0" enabled="true">
          <transform>9.3744803401903876e-01 8.4544023865657819e-02 3.3770325959700526e-01 -5.0474989330750271e+00 1.1697455816257829e-01 8.3716251566240085e-01 -5.3429942458556889e-01 5.9764223929225500e+00 -3.2788433365519137e-01 5.4038063473666742e-01 7.7490685462517861e-01 4.0802199931117356e+00 0.0000000000000000e+00 0.0000000000000000e+00 0.0000000000000000e+00 1.0000000000000000e+00</transform>
        </camera>
        <camera id="57" label="DSCF4973.tiff" sensor_id="0" enabled="true">
          <transform>8.3945507164478617e-01 1.4211001212920937e-01 5.2451875766504574e-01 -7.5478919320083611e+00 1.7644157929898296e-01 8.4163534918129801e-01 -5.1040994122661398e-01 5.5485708588730782e+00 -5.1398789069814443e-01 5.2101313175495945e-01 6.8144094737149563e-01 5.6619090402987933e+00 0.0000000000000000e+00 0.0000000000000000e+00 0.0000000000000000e+00 1.0000000000000000e+00</transform>
        </camera>
        <camera id="58" label="DSCF4974.tiff" sensor_id="0" enabled="true">
          <transform>6.8283774296683375e-01 1.9711661594150900e-01 7.0347541286083903e-01 -1.1134975753038136e+01 2.3895015653932369e-01 8.4969237405462739e-01 -4.7002733129387686e-01 5.1993909179862303e+00 -6.9038789058745309e-01 4.8904796205809797e-01 5.3310097667986711e-01 7.0392307032844430e+00 0.0000000000000000e+00 0.0000000000000000e+00 0.0000000000000000e+00 1.0000000000000000e+00</transform>
        </camera>
        <camera id="59" label="DSCF4975.tiff" sensor_id="0" enabled="true">
          <transform>4.8966340374532397e-01 2.4607650301740402e-01 8.3646644026838846e-01 -1.3291907979175306e+01 2.8395921692115700e-01 8.6203921797150618e-01 -4.1982800026272360e-01 4.3348245786891653e+00 -8.2437668220181204e-01 4.4309676295567735e-01 3.5223336653436621e-01 9.8862526365719798e+00 0.0000000000000000e+00 0.0000000000000000e+00 0.0000000000000000e+00 1.0000000000000000e+00</transform>
        </camera>
        <camera id="60" label="DSCF4976.tiff" sensor_id="0" enabled="true">
          <transform>2.7597465379372965e-01 3.7501794408172828e-01 8.8498561122774444e-01 -1.0733777010256469e+01 3.2895898563800330e-01 8.2828547247590478e-01 -4.5357376671648775e-01 2.7451441298812016e+00 -9.0311902661357257e-01 4.1629883221320785e-01 1.0522027402773886e-01 1.4237576057649861e+01 0.0000000000000000e+00 0.0000000000000000e+00 0.0000000000000000e+00 1.0000000000000000e+00</transform>
        </camera>
        <camera id="61" label="DSCF4977.tiff" sensor_id="0" enabled="true">
          <transform>-2.0294377009136555e-03 3.8490034421749303e-01 9.2295590707458675e-01 -1.1796800878615073e+01 3.4706861707268849e-01 8.6585737216072900e-01 -3.6032538922225232e-01 1.8616400147786243e+00 -9.3783754266177111e-01 3.1959777235796172e-01 -1.3534403377304413e-01 1.7153830671447221e+01 0.0000000000000000e+00 0.0000000000000000e+00 0.0000000000000000e+00 1.0000000000000000e+00</transform>
        </camera>
        <camera id="62" label="DSCF4978.tiff" sensor_id="0" enabled="true">
          <transform>-3.6204887308351241e-01 3.7689717929325217e-01 8.5256620255540772e-01 -1.1825989434653847e+01 3.2957736078512512e-01 9.0729681278912944e-01 -2.6113455681046571e-01 4.1770522486277889e-01 -8.7195147614811108e-01 1.8644304691641617e-01 -4.5270256626139516e-01 2.1633126209516874e+01 0.0000000000000000e+00 0.0000000000000000e+00 0.0000000000000000e+00 1.0000000000000000e+00</transform>
        </camera>
        <camera id="63" label="DSCF4979.tiff" sensor_id="0" enabled="true">
          <transform>-6.2700598969099364e-01 3.1036453189933694e-01 7.1451896142126492e-01 -9.3506652368663001e+00 2.9429869329730934e-01 9.4360977181683037e-01 -1.5162083516220726e-01 -5.9175468791853969e-01 -7.2128480367682346e-01 1.1521482487377410e-01 -6.8298885504391049e-01 2.4840942239735718e+01 0.0000000000000000e+00 0.0000000000000000e+00 0.0000000000000000e+00 1.0000000000000000e+00</transform>
        </camera>
        <camera id="64" label="DSCF4980.tiff" sensor_id="0" enabled="true">
          <transform>-8.4400364898617830e-01 2.0070181067844761e-01 4.9736970523787266e-01 -7.2382084054985310e+00 2.0406593592012295e-01 9.7776647572081610e-01 -4.8268133934709787e-02 -1.8886265245035094e+00 -4.9599892569950194e-01 6.0757733227033525e-02 -8.6619487620168500e-01 2.8784983726482089e+01 0.0000000000000000e+00 0.0000000000000000e+00 0.0000000000000000e+00 1.0000000000000000e+00</transform>
        </camera>
        <camera id="65" label="DSCF4981.tiff" sensor_id="0" enabled="true">
          <transform>-9.8834560771587032e-01 9.2208170732445638e-02 1.2112230578602415e-01 -1.4935244642559422e+00 9.4272903615625292e-02 9.9548093615045863e-01 1.1416015280548851e-02 -2.6959114187476749e+00 -1.1952229646650037e-01 2.2701520019215868e-02 -9.9257194280122141e-01 3.0968845611901219e+01 0.0000000000000000e+00 0.0000000000000000e+00 0.0000000000000000e+00 1.0000000000000000e+00</transform>
        </camera>
        <camera id="66" label="DSCF4982.tiff" sensor_id="0" enabled="true">
          <transform>-9.9458845203577706e-01 2.5119286767248082e-02 -1.0081087495593755e-01 1.9749220468155755e+00 2.4997417410667973e-02 9.9968445905693915e-01 2.4721332549988385e-03 -2.6693022373613733e+00 1.0084116322154238e-01 -6.1256333492764421e-05 -9.9490253595404399e-01 3.0708079250159450e+01 0.0000000000000000e+00 0.0000000000000000e+00 0.0000000000000000e+00 1.0000000000000000e+00</transform>
        </camera>
        <camera id="67" label="DSCF4983.tiff" sensor_id="0" enabled="true">
          <transform>-8.3618079712214577e-01 -1.0845637877709811e-01 -5.3762337042462316e-01 8.6014022209771905e+00 -1.1225841763396895e-01 9.9334427007726722e-01 -2.5791641571990369e-02 -1.9233993921403603e+00 5.3684236251854256e-01 3.8786273438153752e-02 -8.4279054503375306e-01 2.7943199680819991e+01 0.0000000000000000e+00 0.0000000000000000e+00 0.0000000000000000e+00 1.0000000000000000e+00</transform>
        </camera>
        <camera id="68" label="DSCF4984.tiff" sensor_id="0" enabled="true">
          <transform>-6.7594780941691057e-01 -1.6815273162067992e-01 -7.1750903673262800e-01 1.1600197928592920e+01 -1.7148716321660759e-01 9.8278338255023967e-01 -6.8767549287654342e-02 -1.4262776328412465e+00 7.1671940939003509e-01 7.6560314991599668e-02 -6.9314630949892997e-01 2.6163228932947181e+01 0.0000000000000000e+00 0.0000000000000000e+00 0.0000000000000000e+00 1.0000000000000000e+00</transform>
        </camera>
        <camera id="69" label="DSCF4985.tiff" sensor_id="0" enabled="true">
          <transform>-5.6951332476614747e-01 -2.6880550282024351e-01 -7.7678708444937772e-01 9.9561717570117771e+00 -2.0640527434550773e-01 9.6150496256007945e-01 -1.8139754599965330e-01 -3.8681811475519234e-01 7.9564529511344706e-01 5.7024631747138108e-02 -6.0307276156193546e-01 2.2460914583406154e+01 0.0000000000000000e+00 0.0000000000000000e+00 0.0000000000000000e+00 1.0000000000000000e+00</transform>
        </camera>
        <camera id="70" label="DSCF4986.tiff" sensor_id="0" enabled="true">
          <transform>-2.7128298602485090e-01 -3.2005704299645277e-01 -9.0772739890443277e-01 1.1062911012937969e+01 -2.5799372467899295e-01 9.3276251200789484e-01 -2.5178032929317962e-01 6.3452706450091623e-01 9.2727815649873935e-01 1.6588425308355462e-01 -3.3561530814194196e-01 1.9164154392063597e+01 0.0000000000000000e+00 0.0000000000000000e+00 0.0000000000000000e+00 1.0000000000000000e+00</transform>
        </camera>
        <camera id="71" label="DSCF4987.tiff" sensor_id="0" enabled="true">
          <transform>-3.0574523806426251e-02 -3.4049058797532827e-01 -9.3975068927573846e-01 1.1534141258039256e+01 -2.7451952054494777e-01 9.0689560610425179e-01 -3.1965511487941772e-01 1.4858306713354670e+00 9.6109532895222338e-01 2.4820660573203329e-01 -1.2119921425983229e-01 1.6419319941484144e+01 0.0000000000000000e+00 0.0000000000000000e+00 0.0000000000000000e+00 1.0000000000000000e+00</transform>
        </camera>
        <camera id="72" label="DSCF4988.tiff" sensor_id="0" enabled="true">
          <transform>3.0787682444741116e-02 -6.6074723799030854e-01 -7.4997680370652819e-01 1.1613678986342345e+01 -2.9951165944944630e-01 7.0975453895675145e-01 -6.3760588162604659e-01 7.1284644798058849e+00 9.5359576575377103e-01 2.4425720443513579e-01 -1.7604980436800141e-01 1.7970100606354588e+01 0.0000000000000000e+00 0.0000000000000000e+00 0.0000000000000000e+00 1.0000000000000000e+00</transform>
        </camera>
        <camera id="73" label="DSCF4989.tiff" sensor_id="0" enabled="true">
          <transform>4.3914804192530293e-01 -5.9368330703897354e-01 -6.7430640529097741e-01 1.1528705009607307e+01 -2.6910448015077021e-01 6.2916796054276380e-01 -7.2919850259668151e-01 8.6936721313350986e+00 8.5716496430731215e-01 5.0168496924835881e-01 1.1653504019957789e-01 1.3170879022240930e+01 0.0000000000000000e+00 0.0000000000000000e+00 0.0000000000000000e+00 1.0000000000000000e+00</transform>
        </camera>
        <camera id="74" label="DSCF4990.tiff" sensor_id="0" enabled="true">
          <transform>6.9390127554068315e-01 -4.6145221687194304e-01 -5.5277741573528716e-01 9.7205707152177361e+00 -2.1536297845857355e-01 5.9953408465245950e-01 -7.7082920861199189e-01 9.7734260740554024e+00 6.8710974910305644e-01 6.5392716175726107e-01 3.1663774222860430e-01 9.9623220441299640e+00 0.0000000000000000e+00 0.0000000000000000e+00 0.0000000000000000e+00 1.0000000000000000e+00</transform>
        </camera>
        <camera id="75" label="DSCF4991.tiff" sensor_id="0" enabled="true">
          <transform>8.9990233124504626e-01 -2.6887861233442439e-01 -3.4333669487668417e-01 6.7844197365974166e+00 -1.4103807151732095e-01 5.6554705483405454e-01 -8.1256679180926528e-01 1.1063421079296806e+01 4.1265488801467753e-01 7.7965429556800447e-01 4.7101499211803516e-01 6.1391233001420158e+00 0.0000000000000000e+00 0.0000000000000000e+00 0.0000000000000000e+00 1.0000000000000000e+00</transform>
        </camera>
        <camera id="76" label="DSCF4992.tiff" sensor_id="0" enabled="true">
          <transform>9.7670897919318422e-01 -8.8255002549770742e-02 -1.9557766868522558e-01 3.5315335463049862e+00 -1.0719817146513085e-01 5.8888130803162564e-01 -8.0107887070218864e-01 1.1443711868468384e+01 1.8587125113352071e-01 8.0338649451923294e-01 5.6570488633753035e-01 5.0459371137776259e+00 0.0000000000000000e+00 0.0000000000000000e+00 0.0000000000000000e+00 1.0000000000000000e+00</transform>
        </camera>
        <camera id="77" label="DSCF4993.tiff" sensor_id="0" enabled="true">
          <transform>9.9727399138797135e-01 6.9051905701522309e-02 2.6008083745107421e-02 -3.7424035613732753e-01 -1.8052861044764047e-02 5.7009538131548376e-01 -8.2138014975457718e-01 1.1552366164082526e+01 -7.1544953065907385e-02 8.1867154007070586e-01 5.6978788085484566e-01 5.0086694893963806e+00 0.0000000000000000e+00 0.0000000000000000e+00 0.0000000000000000e+00 1.0000000000000000e+00</transform>
        </camera>
