<?xml version="1.0" encoding="UTF-8"?>
<document version="1.1.0">
  <camera id="0" label="DSCF4912.tiff" sensor_id="0" enabled="true">
    <transform>-8.0239344571999230e-02 7.4885843668942398e-01 -6.5785461112751042e-01 1.3600633351819457e+01 -2.5441794677868296e-01 6.2273584815027827e-01 7.3991321909091001e-01 -1.8150333897639527e+01 9.6375990575431969e-01 2.2674017118196288e-01 1.4055510959335121e-01 1.2300903360233244e+01 0.0000000000000000e+00 0.0000000000000000e+00 0.0000000000000000e+00 1.0000000000000000e+00</transform>
  </camera>
  <camera id="1" label="DSCF4913.tiff" sensor_id="0" enabled="true">
    <transform>5.2480715041327675e-01 6.0802100096347400e-01 -5.9572469922143689e-01 1.3296461699719668e+01 -2.2648874138345818e-01 7.7436174560542326e-01 5.9081870059220276e-01 -1.5312462040338817e+01 8.2053659571138771e-01 -1.7514094133096642e-01 5.4410049234316049e-01 3.5501997344686425e+00 0.0000000000000000e+00 0.0000000000000000e+00 0.0000000000000000e+00 1.0000000000000000e+00</transform>
  </camera>
  <camera id="2" label="DSCF4914.tiff" sensor_id="0" enabled="true">
    <transform>8.8766968356074594e-01 3.1260354177047422e-01 -3.3811471213143107e-01 7.1769034885782705e+00 -1.0247214611005659e-01 8.4995281526526656e-01 5.1679751459759060e-01 -1.3521445549041344e+01 4.4893428490010023e-01 -4.2409814606433155e-01 7.8651050237490949e-01 -1.7722972946925779e+00 0.0000000000000000e+00 0.0000000000000000e+00 0.0000000000000000e+00 1.0000000000000000e+00</transform>
  </camera>
  <camera id="3" label="DSCF4915.tiff" sensor_id="0" enabled="true">
    <transform>9.8886715822618010e-01 8.5954809799989484e-02 -1.2146404428441569e-01 2.4265412744562620e+00 -1.3163671369893409e-02 8.6361741204896936e-01 5.0397587577373781e-01 -1.3365675019697344e+01 1.4821761412782325e-01 -4.9676627932870820e-01 8.5513437691638117e-01 -2.5676764953696791e+00 0.0000000000000000e+00 0.0000000000000000e+00 0.0000000000000000e+00 1.0000000000000000e+00</transform>
  </camera>
  <camera id="4" label="DSCF4916.tiff" sensor_id="0" enabled="true">
    <transform>8.7974084535545127e-01 -3.4445680520335697e-01 3.2772786631956186e-01 -7.1781851757438080e+00 1.7945735349513550e-01 8.7887583979873740e-01 4.4200940769918695e-01 -1.2518371580971705e+01 -4.4028525218294334e-01 -3.3004055442802893e-01 8.3499828092220718e-01 -4.2501427642255063e+00 0.0000000000000000e+00 0.0000000000000000e+00 0.0000000000000000e+00 1.0000000000000000e+00</transform>
  </camera>
  <camera id="5" label="DSCF4917.tiff" sensor_id="0" enabled="true">
    <transform>3.5093052738581565e-01 -6.8485508138172846e-01 6.3860886499823932e-01 -1.3136793710989661e+01 2.8158788563800075e-01 7.2759704955698967e-01 6.2554839631948855e-01 -1.5703878867751349e+01 -8.9305992386324995e-01 -3.9699508581211573e-02 4.4818291066011967e-01 6.7039522633509270e+00 0.0000000000000000e+00 0.0000000000000000e+00 0.0000000000000000e+00 1.0000000000000000e+00</transform>
  </camera>
</document>
