<?xml version="1.0" encoding="UTF-8"?>
<document version="1.1.0">
  <chunks next_id="1">
    <chunk id="0" label="Chunk 1" enabled="true">
      <sensors next_id="4">
        <sensor id="2" label="Canon EOS REBEL T3i (30 mm)" type="frame">
          <resolution width="5202" height="3465"/>
          <property name="pixel_width" value="4.4035976380886795e-03"/>
          <property name="pixel_height" value="4.4035976380886795e-03"/>
          <property name="focal_length" value="3.0000000000000000e+01"/>
          <property name="fixed" value="false"/>
          <calibration type="frame" class="adjusted">
            <resolution width="5202" height="3465"/>
            <fx>6.9602386774158076e+03</fx>
            <fy>6.9660209910539470e+03</fy>
            <cx>2.6108641630594730e+03</cx>
            <cy>1.8422692572272131e+03</cy>
            <k1>-8.7675575545409945e-02</k1>
            <k2>2.4327078427185639e-01</k2>
            <k3>-2.7655927308161071e-01</k3>
            <p1>2.7942111913686661e-03</p1>
            <p2>1.2707599251386176e-03</p2>
          </calibration>
        </sensor>
      </sensors>
      <cameras next_id="109" next_group_id="0">
        <camera id="2" label="_MG_5697.tiff" sensor_id="2" enabled="true">
          <transform>9.9520593972744142e-01 5.7615835277674207e-04 9.7799823991521831e-02 -5.4912177368080550e-01 3.8784542809704836e-02 9.1566623762205834e-01 -4.0006387054832421e-01 2.1207728392786418e+00 -8.9782497015076915e-02 4.0193906170042332e-01 9.1125413245105291e-01 6.3671753827675426e-03 0.0000000000000000e+00 0.0000000000000000e+00 0.0000000000000000e+00 1.0000000000000000e+00</transform>
          <orientation>1</orientation>
        </camera>
        <camera id="3" label="_MG_5698.tiff" sensor_id="2" enabled="true">
          <transform>9.9257818808469378e-01 -5.3729467503712311e-02 -1.0909484341743103e-01 5.6062405292006023e-01 3.6486410489608261e-03 9.0985538334289129e-01 -4.1490947063239736e-01 2.1010991559347412e+00 1.2155339549762528e-01 4.1143204265556166e-01 9.0329864735826426e-01 -2.7988481216950550e-02 0.0000000000000000e+00 0.0000000000000000e+00 0.0000000000000000e+00 1.0000000000000000e+00</transform>
          <orientation>1</orientation>
        </camera>
        <camera id="4" label="_MG_5699.tiff" sensor_id="2" enabled="true">
          <transform>9.8371360756989035e-01 -4.5065828771236313e-02 -1.7400175102277940e-01 1.6640499347564062e+00 -3.5708025812048294e-02 8.9976551842147656e-01 -4.3491027666903626e-01 1.9832067834391396e+00 1.7616036777447361e-01 4.3404041624817979e-01 8.8350237231637874e-01 2.9247504790058848e-01 0.0000000000000000e+00 0.0000000000000000e+00 0.0000000000000000e+00 1.0000000000000000e+00</transform>
          <orientation>1</orientation>
        </camera>
        <camera id="5" label="_MG_5700.tiff" sensor_id="2" enabled="true">
          <transform>2.4346917326173648e-01 -1.5180796421280401e-01 -9.5795464593727542e-01 4.7067381588779282e+00 -2.4555633992296999e-01 9.4584945386997255e-01 -2.1229906862138948e-01 7.5039715760752335e-01 9.3830956810366239e-01 2.8692011539004836e-01 1.9300777650053380e-01 4.0983290145040892e+00 0.0000000000000000e+00 0.0000000000000000e+00 0.0000000000000000e+00 1.0000000000000000e+00</transform>
          <orientation>1</orientation>
        </camera>
        <camera id="6" label="_MG_5701.tiff" sensor_id="2" enabled="true">
          <transform>3.8473879232264058e-04 -1.4959933895202729e-01 -9.8874662566361171e-01 4.6771460856794311e+00 -2.2235109174029974e-01 9.6398226702840628e-01 -1.4593896277783730e-01 2.5205375967154126e-01 9.7496658608280451e-01 2.1990504005113348e-01 -3.2892694966373461e-02 5.6831668104320983e+00 0.0000000000000000e+00 0.0000000000000000e+00 0.0000000000000000e+00 1.0000000000000000e+00</transform>
          <orientation>1</orientation>
        </camera>
        <camera id="7" label="_MG_5702.tiff" sensor_id="2" enabled="true">
          <transform>-4.0426802966572001e-02 -1.6923457497002989e-01 -9.8474632887694236e-01 3.9808159565783003e+00 -3.1806384921696618e-01 9.3646515487345983e-01 -1.4787968599207346e-01 1.4006635248337115e-01 9.4720697918838670e-01 3.0723390493651670e-01 -9.1685692636694627e-02 6.0710862665450618e+00 0.0000000000000000e+00 0.0000000000000000e+00 0.0000000000000000e+00 1.0000000000000000e+00</transform>
          <orientation>1</orientation>
        </camera>
        <camera id="8" label="_MG_5703.tiff" sensor_id="2" enabled="true">
          <transform>-9.5083453053562683e-01 -2.0548525460491421e-02 -3.0901691481615329e-01 1.3328383258626382e+00 -5.7226978069720116e-02 9.9227134060324629e-01 1.1010294999882196e-01 -8.6995465772498848e-01 3.0436617506237779e-01 1.2237379098007405e-01 -9.4466178432233783e-01 9.5210769097367134e+00 0.0000000000000000e+00 0.0000000000000000e+00 0.0000000000000000e+00 1.0000000000000000e+00</transform>
          <orientation>1</orientation>
        </camera>
        <camera id="9" label="_MG_5704.tiff" sensor_id="2" enabled="true">
          <transform>-9.9850057896047351e-01 3.2793504578678703e-02 -4.3831265930238353e-02 -7.9360031551220137e-02 2.6618584964594742e-02 9.9052835676490614e-01 1.3470347203801492e-01 -9.4042413350484588e-01 4.7833510743847202e-02 1.3333476854167403e-01 -9.8991605439444019e-01 9.8521287163792159e+00 0.0000000000000000e+00 0.0000000000000000e+00 0.0000000000000000e+00 1.0000000000000000e+00</transform>
          <orientation>1</orientation>
        </camera>
        <camera id="10" label="_MG_5705.tiff" sensor_id="2" enabled="true">
          <transform>-9.9147255337504125e-01 9.2964859699210686e-02 9.1322016869328490e-02 -1.4094555655869059e+00 1.0498571467736402e-01 9.8497464680838420e-01 1.3712383038108719e-01 -7.9408258910004770e-01 -7.7202173658900017e-02 1.4554202144330733e-01 -9.8633531031619104e-01 9.4592302201520884e+00 0.0000000000000000e+00 0.0000000000000000e+00 0.0000000000000000e+00 1.0000000000000000e+00</transform>
          <orientation>1</orientation>
        </camera>
        <camera id="11" label="_MG_5706.tiff" sensor_id="2" enabled="true">
          <transform>-3.9466342522062470e-01 1.8393535228488359e-01 9.0022695303626643e-01 -4.5464221771025839e+00 3.0427635571718303e-01 9.5063897120036167e-01 -6.0839508434801001e-02 -1.1518261416092140e-01 -8.6698136089802691e-01 2.4990664780064115e-01 -4.3114961120294615e-01 7.4341478308192528e+00 0.0000000000000000e+00 0.0000000000000000e+00 0.0000000000000000e+00 1.0000000000000000e+00</transform>
          <orientation>1</orientation>
        </camera>
        <camera id="12" label="_MG_5707.tiff" sensor_id="2" enabled="true">
          <transform>-1.9697252551476988e-01 1.8309593561142726e-01 9.6316026836394641e-01 -4.8539597977528341e+00 3.2439666375760756e-01 9.3924234551537167e-01 -1.1220793614409064e-01 2.8443228385284403e-01 -9.2518572661669762e-01 2.9034409715604464e-01 -2.4440064752650364e-01 6.1677400897542807e+00 0.0000000000000000e+00 0.0000000000000000e+00 0.0000000000000000e+00 1.0000000000000000e+00</transform>
          <orientation>1</orientation>
        </camera>
        <camera id="13" label="_MG_5708.tiff" sensor_id="2" enabled="true">
          <transform>1.0073560910074028e-01 1.8814778322968345e-01 9.7696097605014853e-01 -4.8539090075289186e+00 3.2050124863841806e-01 9.2347313218602578e-01 -2.1089410554054311e-01 6.6960620989535979e-01 -9.4187647103020766e-01 3.3436175887246267e-01 3.2725029005263813e-02 4.9238919870733380e+00 0.0000000000000000e+00 0.0000000000000000e+00 0.0000000000000000e+00 1.0000000000000000e+00</transform>
          <orientation>1</orientation>
        </camera>
        <camera id="15" label="_MG_5710.tiff" sensor_id="2" enabled="true">
          <transform>2.8233417850198272e-01 1.7664062197120223e-01 9.4291330583423072e-01 -4.4247810401978169e+00 3.0668062274213170e-01 9.1470266692676638e-01 -2.6318439686189510e-01 1.0380743044957652e+00 -9.0897437108210544e-01 3.6347919030762688e-01 2.0407957009265551e-01 3.7058802045104495e+00 0.0000000000000000e+00 0.0000000000000000e+00 0.0000000000000000e+00 1.0000000000000000e+00</transform>
          <orientation>1</orientation>
        </camera>
        <camera id="16" label="_MG_5711.tiff" sensor_id="2" enabled="true">
          <transform>9.9215106304651557e-01 2.2333667391527170e-02 1.2303444800751374e-01 -1.7176027614994329e+00 3.1794448982349885e-02 9.0652782555809741e-01 -4.2094704477263689e-01 2.1164008130853551e+00 -1.2093544190839060e-01 4.2155487043770734e-01 8.9870245916024394e-01 7.5975473617003964e-02 0.0000000000000000e+00 0.0000000000000000e+00 0.0000000000000000e+00 1.0000000000000000e+00</transform>
          <orientation>1</orientation>
        </camera>
        <camera id="17" label="_MG_5712.tiff" sensor_id="2" enabled="true">
          <transform>9.9110504746054762e-01 -2.9787028276032253e-03 1.3304853335415054e-01 -1.7644018048192438e+00 5.1499667866460555e-02 9.3044269779820599e-01 -3.6280045524177679e-01 1.7814465571034852e+00 -1.2271336157024601e-01 3.6642531768896797e-01 9.2231985636690539e-01 -6.5297174721786289e-01 0.0000000000000000e+00 0.0000000000000000e+00 0.0000000000000000e+00 1.0000000000000000e+00</transform>
          <orientation>1</orientation>
        </camera>
        <camera id="18" label="_MG_5713.tiff" sensor_id="2" enabled="true">
          <transform>9.9106704520741440e-01 -2.9457767150604490e-03 1.3333204529815740e-01 -1.7640592089034393e+00 5.1587752838112552e-02 9.3039907133414690e-01 -3.6289980961371543e-01 1.7813158848029380e+00 -1.2298298931542810e-01 3.6653634261843954e-01 9.2223982449194808e-01 -6.5226346405421209e-01 0.0000000000000000e+00 0.0000000000000000e+00 0.0000000000000000e+00 1.0000000000000000e+00</transform>
          <orientation>1</orientation>
        </camera>
        <camera id="19" label="_MG_5714.tiff" sensor_id="2" enabled="true">
          <transform>9.9747966103758390e-01 -9.6608674593922292e-03 -7.0292200536608396e-02 1.1505056099414222e-01 -1.5953424494897488e-02 9.3478258798356284e-01 -3.5486194702959933e-01 1.6706321564226019e+00 6.9136199369305207e-02 3.5508897595206274e-01 9.3227249508611110e-01 -4.2817057377920886e-01 0.0000000000000000e+00 0.0000000000000000e+00 0.0000000000000000e+00 1.0000000000000000e+00</transform>
          <orientation>1</orientation>
        </camera>
        <camera id="20" label="_MG_5715.tiff" sensor_id="2" enabled="true">
          <transform>9.9030327458483280e-01 5.7303261826137826e-03 -1.3880413433467381e-01 1.4210279483842818e+00 -5.1716932993657497e-02 9.4254043260339593e-01 -3.3006498110149901e-01 1.5441513680663463e+00 1.2893712881977348e-01 3.3404295572522441e-01 9.3369723173096586e-01 -7.5098325848136804e-02 0.0000000000000000e+00 0.0000000000000000e+00 0.0000000000000000e+00 1.0000000000000000e+00</transform>
          <orientation>1</orientation>
        </camera>
        <camera id="21" label="_MG_5716.tiff" sensor_id="2" enabled="true">
          <transform>9.0254738720462502e-01 -1.3612003969895523e-02 -4.3037533293397323e-01 2.6241046232917364e+00 -1.2541243031114896e-01 9.4785672157596790e-01 -2.9298354507840396e-01 1.1898472599075427e+00 4.1192224530068289e-01 3.1840594955368140e-01 8.5377849300346198e-01 1.0391423735255783e+00 0.0000000000000000e+00 0.0000000000000000e+00 0.0000000000000000e+00 1.0000000000000000e+00</transform>
          <orientation>1</orientation>
        </camera>
        <camera id="22" label="_MG_5717.tiff" sensor_id="2" enabled="true">
          <transform>2.7504410825598968e-01 -2.0423797144602338e-02 -9.6121465189824462e-01 4.3133672118060584e+00 -2.6433662581990203e-01 9.5963781693348960e-01 -9.6028165458241665e-02 2.5583562365355672e-01 9.2437918992360302e-01 2.8049621890735438e-01 2.5854396998356199e-01 3.9458198862670772e+00 0.0000000000000000e+00 0.0000000000000000e+00 0.0000000000000000e+00 1.0000000000000000e+00</transform>
          <orientation>1</orientation>
        </camera>
        <camera id="23" label="_MG_5718.tiff" sensor_id="2" enabled="true">
          <transform>8.1110809736517089e-02 -1.3097240041520658e-02 -9.9661903395790163e-01 4.2262460020104591e+00 -2.7569049558503422e-01 9.6060681581394258e-01 -3.5061318513083847e-02 -1.4090340769235896e-01 9.5781824329460574e-01 2.7760224731635819e-01 7.4304812071243231e-02 5.2466211288146249e+00 0.0000000000000000e+00 0.0000000000000000e+00 0.0000000000000000e+00 1.0000000000000000e+00</transform>
          <orientation>1</orientation>
        </camera>
        <camera id="24" label="_MG_5719.tiff" sensor_id="2" enabled="true">
          <transform>-9.3564338156795024e-01 5.6552637444591110e-02 -3.4838665549379449e-01 1.6732212807568521e+00 -2.8602731173168992e-02 9.7168376121120970e-01 2.3454754734993730e-01 -1.3270008470364099e+00 3.5178593817480347e-01 2.2941767019237266e-01 -9.0753192026836016e-01 9.2007566143125779e+00 0.0000000000000000e+00 0.0000000000000000e+00 0.0000000000000000e+00 1.0000000000000000e+00</transform>
          <orientation>1</orientation>
        </camera>
        <camera id="25" label="_MG_5720.tiff" sensor_id="2" enabled="true">
          <transform>-9.9411698426765749e-01 1.4872216222388020e-02 -1.0728578086220276e-01 2.3067038483997240e-01 -1.1585596089738840e-02 9.7024435124860997e-01 2.4185051753801926e-01 -1.5347164284337527e+00 1.0769027604117042e-01 2.4167067686170959e-01 -9.6436408497588688e-01 9.9804981019542502e+00 0.0000000000000000e+00 0.0000000000000000e+00 0.0000000000000000e+00 1.0000000000000000e+00</transform>
          <orientation>1</orientation>
        </camera>
        <camera id="27" label="_MG_5722.tiff" sensor_id="2" enabled="true">
          <transform>-9.9832653506622981e-01 2.2596404963387134e-02 5.3230929593482287e-02 -1.4026104830577826e+00 3.5009129814890461e-02 9.6880814875651988e-01 2.4532658178959654e-01 -1.5552676402948544e+00 -4.6027059565649023e-02 2.4677960488195549e-01 -9.6797796276673886e-01 1.0147977777823044e+01 0.0000000000000000e+00 0.0000000000000000e+00 0.0000000000000000e+00 1.0000000000000000e+00</transform>
          <orientation>1</orientation>
        </camera>
        <camera id="28" label="_MG_5723.tiff" sensor_id="2" enabled="true">
          <transform>-4.6056453788114204e-01 8.7755567045847735e-02 8.8327757069835744e-01 -4.1586239828176685e+00 3.1425931238415278e-01 9.4676770049332037e-01 6.9799755604371322e-02 -9.1454153322022913e-01 -8.3013335737468685e-01 3.0972549419615458e-01 -4.6362563261620710e-01 8.1998759097124569e+00 0.0000000000000000e+00 0.0000000000000000e+00 0.0000000000000000e+00 1.0000000000000000e+00</transform>
          <orientation>1</orientation>
        </camera>
        <camera id="30" label="_MG_5725.tiff" sensor_id="2" enabled="true">
          <transform>-3.0475795450100451e-01 9.4778914365551303e-02 9.4770224572913786e-01 -4.6565827094116159e+00 3.2834265161145759e-01 9.4449311692574234e-01 1.1129025683031590e-02 -4.2043488302043291e-01 -8.9404345101405480e-01 3.1456272740358809e-01 -3.1896175041420760e-01 6.6320942996793057e+00 0.0000000000000000e+00 0.0000000000000000e+00 0.0000000000000000e+00 1.0000000000000000e+00</transform>
          <orientation>1</orientation>
        </camera>
        <camera id="31" label="_MG_5726.tiff" sensor_id="2" enabled="true">
          <transform>3.7088220525290344e-02 3.8816533667280939e-02 9.9855783037955503e-01 -4.6649160383542725e+00 3.5102904717950506e-01 9.3506129251968995e-01 -4.9386103993489333e-02 1.7937062891752301e-01 -9.3562977289872307e-01 3.5235444646756453e-01 2.1054028593596466e-02 4.7477242472600025e+00 0.0000000000000000e+00 0.0000000000000000e+00 0.0000000000000000e+00 1.0000000000000000e+00</transform>
          <orientation>1</orientation>
        </camera>
        <camera id="32" label="_MG_5727.tiff" sensor_id="2" enabled="true">
          <transform>2.8384466256612301e-01 3.4656220760873602e-02 9.5824378625446738e-01 -4.2727558791235731e+00 3.5531325405193825e-01 9.2440256986981484e-01 -1.3868085777462169e-01 4.8484006308994509e-01 -8.9060917299775577e-01 3.7984053914854277e-01 2.5007292094826622e-01 3.7278263079984248e+00 0.0000000000000000e+00 0.0000000000000000e+00 0.0000000000000000e+00 1.0000000000000000e+00</transform>
          <orientation>1</orientation>
        </camera>
        <camera id="34" label="_MG_5729.tiff" sensor_id="2" enabled="true">
          <transform>9.9256363832384731e-01 -1.5159676491854544e-02 1.2077917074557702e-01 -1.6783249171986381e+00 5.5501838215266885e-02 9.3943603087429972e-01 -3.3820036938162579e-01 1.6624898136692625e+00 -1.0833729658826306e-01 3.4238885511039063e-01 9.3329143468915576e-01 -2.4218696597319786e-01 0.0000000000000000e+00 0.0000000000000000e+00 0.0000000000000000e+00 1.0000000000000000e+00</transform>
          <orientation>1</orientation>
        </camera>
        <camera id="35" label="_MG_5730.tiff" sensor_id="2" enabled="true">
          <transform>9.9994080789712236e-01 -7.2656831964627109e-03 -8.0987992776026026e-03 2.0144157744687638e-01 5.7023647420456711e-03 9.8390001676640648e-01 -1.7862877719845038e-01 7.3814397100980833e-01 9.2662688499164248e-03 1.7857202147804002e-01 9.8388320923107919e-01 -4.9074066599985705e-01 0.0000000000000000e+00 0.0000000000000000e+00 0.0000000000000000e+00 1.0000000000000000e+00</transform>
          <orientation>1</orientation>
        </camera>
        <camera id="36" label="_MG_5731.tiff" sensor_id="2" enabled="true">
          <transform>9.9994731132814607e-01 -7.3072631219575079e-03 -7.2096097868233188e-03 2.0126091843325480e-01 5.9043806144798965e-03 9.8394783124429608e-01 -1.7835863780373934e-01 7.3638217194199940e-01 8.3971934103682973e-03 1.7830667204373651e-01 9.8393913320261650e-01 -4.7985380013507162e-01 0.0000000000000000e+00 0.0000000000000000e+00 0.0000000000000000e+00 1.0000000000000000e+00</transform>
          <orientation>1</orientation>
        </camera>
        <camera id="38" label="_MG_5733.tiff" sensor_id="2" enabled="true">
          <transform>9.8446420351407193e-01 2.7768668215951885e-02 -1.7337569917643134e-01 1.5291785665857598e+00 -5.2285321352817000e-02 9.8898310971331049e-01 -1.3848701698290239e-01 5.6035343640226309e-01 1.6762003809341139e-01 1.4540051501732182e-01 9.7507036313399498e-01 9.2444656498090957e-02 0.0000000000000000e+00 0.0000000000000000e+00 0.0000000000000000e+00 1.0000000000000000e+00</transform>
          <orientation>1</orientation>
        </camera>
        <camera id="39" label="_MG_5734.tiff" sensor_id="2" enabled="true">
          <transform>8.5814050590984936e-01 1.1910958368721759e-01 -4.9940742804912858e-01 2.2708248160590885e+00 -1.7913680776219329e-01 9.8104988756342948e-01 -7.3831715519507679e-02 2.2198763926369833e-01 4.8114953623749740e-01 1.5282023814155052e-01 8.6321555743209410e-01 1.1670561806328588e+00 0.0000000000000000e+00 0.0000000000000000e+00 0.0000000000000000e+00 1.0000000000000000e+00</transform>
          <orientation>1</orientation>
        </camera>
        <camera id="40" label="_MG_5735.tiff" sensor_id="2" enabled="true">
          <transform>4.9617922597529995e-01 1.9006252719566419e-01 -8.4716138454638590e-01 3.5439564944587807e+00 -2.6465518041456093e-01 9.6241739939575743e-01 6.0912928184772328e-02 -4.0762343206281132e-01 8.2690012165332782e-01 1.9398191950876359e-01 5.2783255272236396e-01 3.1590173701004800e+00 0.0000000000000000e+00 0.0000000000000000e+00 0.0000000000000000e+00 1.0000000000000000e+00</transform>
          <orientation>1</orientation>
        </camera>
        <camera id="41" label="_MG_5736.tiff" sensor_id="2" enabled="true">
          <transform>1.9883857947895872e-01 1.9137782942117493e-01 -9.6116478593258381e-01 4.2448281870513194e+00 -2.6322716399450075e-01 9.5513903266675060e-01 1.3572357353030612e-01 -7.7641045556193189e-01 9.4402048677250772e-01 2.2601759816984135e-01 2.4029433175032261e-01 4.2860534468881184e+00 0.0000000000000000e+00 0.0000000000000000e+00 0.0000000000000000e+00 1.0000000000000000e+00</transform>
          <orientation>1</orientation>
        </camera>
        <camera id="42" label="_MG_5737.tiff" sensor_id="2" enabled="true">
          <transform>-7.8501736487841950e-02 1.9919345744670000e-01 -9.7681085368602616e-01 4.0692820990871672e+00 -2.8837769801586965e-01 9.3340686261308403e-01 2.1351799014103551e-01 -1.2940753980230801e+00 9.5429334098874519e-01 2.9845199838035791e-01 -1.5831108846494163e-02 5.9655221301700099e+00 0.0000000000000000e+00 0.0000000000000000e+00 0.0000000000000000e+00 1.0000000000000000e+00</transform>
          <orientation>1</orientation>
        </camera>
        <camera id="43" label="_MG_5738.tiff" sensor_id="2" enabled="true">
          <transform>-7.8355766188977924e-02 1.9907642500145062e-01 -9.7684643159177265e-01 4.0691600981220466e+00 -2.8836823529289168e-01 9.3344536803891354e-01 2.1336238131582647e-01 -1.2940621959878313e+00 9.5430819695683300e-01 2.9840965449418438e-01 -1.5733509642155571e-02 5.9654831965203288e+00 0.0000000000000000e+00 0.0000000000000000e+00 0.0000000000000000e+00 1.0000000000000000e+00</transform>
          <orientation>1</orientation>
        </camera>
        <camera id="44" label="_MG_5739.tiff" sensor_id="2" enabled="true">
          <transform>-3.8056695349930875e-01 2.0051558230533373e-01 -9.0275262124072941e-01 3.4744362635735184e+00 -2.7187122856008583e-01 9.0880795811480208e-01 3.1647137366345363e-01 -1.5515477420928974e+00 8.8388620816566899e-01 3.6587101076739686e-01 -2.9134785822888559e-01 6.8258375705796146e+00 0.0000000000000000e+00 0.0000000000000000e+00 0.0000000000000000e+00 1.0000000000000000e+00</transform>
          <orientation>1</orientation>
        </camera>
        <camera id="48" label="_MG_5743.tiff" sensor_id="2" enabled="true">
          <transform>-8.4303910311197228e-01 1.2392120476904991e-01 -5.2338189272532998e-01 2.1426443738596705e+00 -1.4112117713824299e-01 8.8803992683374489e-01 4.3757273876720626e-01 -1.9841663815257120e+00 5.1900855868403384e-01 4.4275119803079499e-01 -7.3116447715614419e-01 8.3161685689591405e+00 0.0000000000000000e+00 0.0000000000000000e+00 0.0000000000000000e+00 1.0000000000000000e+00</transform>
          <orientation>1</orientation>
        </camera>
        <camera id="49" label="_MG_5744.tiff" sensor_id="2" enabled="true">
          <transform>-9.6565432870471635e-01 9.4416777485247044e-02 -2.4206856380609407e-01 8.3888232915499383e-01 -2.8007662221218609e-02 8.8838912266082093e-01 4.5823611555052901e-01 -2.2816739965922328e+00 2.5831625638109929e-01 4.4927746311965955e-01 -8.5523240865978489e-01 9.3652257458143922e+00 0.0000000000000000e+00 0.0000000000000000e+00 0.0000000000000000e+00 1.0000000000000000e+00</transform>
          <orientation>1</orientation>
        </camera>
        <camera id="50" label="_MG_5745.tiff" sensor_id="2" enabled="true">
          <transform>-9.9761763537128834e-01 4.3216337085214881e-03 -6.8850396355347829e-02 -1.8000444907224200e-01 -2.5678881321591240e-02 9.0305290583634823e-01 4.2876105736715198e-01 -2.5402570760202825e+00 6.4028498735100400e-02 4.2950759334686495e-01 -9.0079052981651253e-01 1.0212477049894245e+01 0.0000000000000000e+00 0.0000000000000000e+00 0.0000000000000000e+00 1.0000000000000000e+00</transform>
          <orientation>1</orientation>
        </camera>
        <camera id="51" label="_MG_5746.tiff" sensor_id="2" enabled="true">
          <transform>-9.9562572970860319e-01 -4.5800098090854752e-02 8.1435602515603930e-02 -1.8004792309851370e+00 -5.7876233590718300e-03 9.0016840429074085e-01 4.3550355605036645e-01 -2.4601124253743452e+00 -9.3251861954949070e-02 4.3312722718795832e-01 -8.9649589810015629e-01 1.0075102644559417e+01 0.0000000000000000e+00 0.0000000000000000e+00 0.0000000000000000e+00 1.0000000000000000e+00</transform>
          <orientation>1</orientation>
        </camera>
        <camera id="52" label="_MG_5747.tiff" sensor_id="2" enabled="true">
          <transform>-4.2310080339534512e-01 -9.1204890829955476e-02 9.0148065872480565e-01 -4.9038752370047165e+00 2.7325347102643510e-01 9.3575564521193355e-01 2.2292131577308416e-01 -1.8214270890895925e+00 -8.6389712971986365e-01 3.4065090685728960e-01 -3.7099691227702619e-01 8.1282203618354814e+00 0.0000000000000000e+00 0.0000000000000000e+00 0.0000000000000000e+00 1.0000000000000000e+00</transform>
          <orientation>1</orientation>
        </camera>
        <camera id="53" label="_MG_5748.tiff" sensor_id="2" enabled="true">
          <transform>-3.0367757421658076e-01 -1.0707125188932845e-01 9.4673949845603533e-01 -5.2873169385227099e+00 2.7500352767142966e-01 9.4152434374927019e-01 1.9469198724081171e-01 -1.3821039065625056e+00 -9.1222419979202618e-01 3.1948029226598496e-01 -2.5647485679387477e-01 6.7407478210077096e+00 0.0000000000000000e+00 0.0000000000000000e+00 0.0000000000000000e+00 1.0000000000000000e+00</transform>
          <orientation>1</orientation>
        </camera>
        <camera id="54" label="_MG_5749.tiff" sensor_id="2" enabled="true">
          <transform>-1.0388500928557989e-01 -1.1741031950764295e-01 9.8763491317330832e-01 -5.6600716920346024e+00 2.9534580593626325e-01 9.4457372955102736e-01 1.4335733102259501e-01 -8.7851570461505579e-01 -9.4972562341004274e-01 3.0658650706640034e-01 -6.3450405225104312e-02 5.1557334510470190e+00 0.0000000000000000e+00 0.0000000000000000e+00 0.0000000000000000e+00 1.0000000000000000e+00</transform>
          <orientation>1</orientation>
        </camera>
        <camera id="55" label="_MG_5750.tiff" sensor_id="2" enabled="true">
          <transform>1.8813117029739385e-01 -1.1307925346784568e-01 9.7561249745874390e-01 -5.1846837247554491e+00 2.8257388844293718e-01 9.5758018889774887e-01 5.6499375224774676e-02 -4.4431873379606240e-01 -9.4061610677936591e-01 2.6505332343833404e-01 2.1210392594556662e-01 3.7086351206423949e+00 0.0000000000000000e+00 0.0000000000000000e+00 0.0000000000000000e+00 1.0000000000000000e+00</transform>
          <orientation>1</orientation>
        </camera>
        <camera id="56" label="_MG_5752.tiff" sensor_id="2" enabled="true">
          <transform>9.3332553489552594e-01 -8.8268306836534541e-02 3.4801171233191530e-01 -1.9271252969400436e+00 8.5453529648306506e-02 9.9606587330502649e-01 2.3462103651227167e-02 -1.5523471301743885e-01 -3.4871355032838391e-01 7.8410487376573620e-03 9.3719655236885469e-01 5.7435174020751589e-01 0.0000000000000000e+00 0.0000000000000000e+00 0.0000000000000000e+00 1.0000000000000000e+00</transform>
          <orientation>1</orientation>
        </camera>
        <camera id="57" label="_MG_5753.tiff" sensor_id="2" enabled="true">
          <transform>9.3334573570764856e-01 -8.8274368978165679e-02 3.4795599350759121e-01 -1.9240402820209515e+00 8.5481368062921059e-02 9.9606486740781930e-01 2.3403325189696754e-02 -1.5574777276226628e-01 -3.4865265430000614e-01 7.9003605835389189e-03 9.3721871030843729e-01 5.8396596754677665e-01 0.0000000000000000e+00 0.0000000000000000e+00 0.0000000000000000e+00 1.0000000000000000e+00</transform>
          <orientation>1</orientation>
        </camera>
        <camera id="58" label="_MG_5754.tiff" sensor_id="2" enabled="true">
          <transform>9.9999832505383868e-01 1.8293696165223279e-03 5.7413616826946631e-05 -3.0908490607953797e-03 -1.8294810041314855e-03 9.9999631843672221e-01 2.0040240161304443e-03 2.8121026092799584e-03 -5.3747304809193184e-05 -2.0041256966194746e-03 9.9999799029369019e-01 -4.3918404334658705e-02 0.0000000000000000e+00 0.0000000000000000e+00 0.0000000000000000e+00 1.0000000000000000e+00</transform>
          <orientation>1</orientation>
        </camera>
        <camera id="59" label="_MG_5755.tiff" sensor_id="2" enabled="true">
          <transform>9.4616776734862962e-01 8.4329761788932353e-02 -3.1249807568548554e-01 1.7006749044970235e+00 -9.4383790591799091e-02 9.9538800393716353e-01 -1.7158720567476204e-02 -1.9124895569637584e-01 3.0960984497272198e-01 4.5729781265727021e-02 9.4976340790817781e-01 4.2695898276392430e-01 0.0000000000000000e+00 0.0000000000000000e+00 0.0000000000000000e+00 1.0000000000000000e+00</transform>
          <orientation>1</orientation>
        </camera>
        <camera id="60" label="_MG_5756.tiff" sensor_id="2" enabled="true">
          <transform>6.5365746964887284e-01 2.5036491598257371e-01 -7.1417737377858170e-01 3.2515179437404842e+00 -2.1521856334948575e-01 9.6622458208933648e-01 1.4174281976901176e-01 -8.0388461880984896e-01 7.2554316367947158e-01 6.1052975450226546e-02 6.8546309297193941e-01 2.3944809340204056e+00 0.0000000000000000e+00 0.0000000000000000e+00 0.0000000000000000e+00 1.0000000000000000e+00</transform>
          <orientation>1</orientation>
        </camera>
        <camera id="61" label="_MG_5757.tiff" sensor_id="2" enabled="true">
          <transform>2.2286879855661176e-01 3.2585216912520776e-01 -9.1877628534171996e-01 4.1701179222729348e+00 -2.8557326635477820e-01 9.2295787277327435e-01 2.5806331515598147e-01 -1.3948073093092677e+00 9.3208229688874333e-01 2.0486368385399481e-01 2.9875318050922095e-01 4.2606905694969424e+00 0.0000000000000000e+00 0.0000000000000000e+00 0.0000000000000000e+00 1.0000000000000000e+00</transform>
          <orientation>1</orientation>
        </camera>
        <camera id="62" label="_MG_5758.tiff" sensor_id="2" enabled="true">
          <transform>-1.9442343974769477e-01 3.2331547220222151e-01 -9.2610292706120367e-01 4.2273775539824010e+00 -2.7212960009228243e-01 8.8928197055146119e-01 3.6759088346383767e-01 -1.7756225016285632e+00 9.4241445597480566e-01 3.2348830316839089e-01 -8.4913549466185262e-02 5.4544155774646539e+00 0.0000000000000000e+00 0.0000000000000000e+00 0.0000000000000000e+00 1.0000000000000000e+00</transform>
          <orientation>1</orientation>
        </camera>
        <camera id="63" label="_MG_5759.tiff" sensor_id="2" enabled="true">
          <transform>-4.1954143549878187e-01 3.0887920568683780e-01 -8.5356816962319404e-01 3.6151802242933044e+00 -2.4704663057004819e-01 8.6597879104638698e-01 4.3479730424857060e-01 -2.2703078153231622e+00 8.7347177757704775e-01 3.9328662544269938e-01 -2.8700641808901473e-01 7.0945246921133602e+00 0.0000000000000000e+00 0.0000000000000000e+00 0.0000000000000000e+00 1.0000000000000000e+00</transform>
          <orientation>1</orientation>
        </camera>
        <camera id="64" label="_MG_5760.tiff" sensor_id="2" enabled="true">
          <transform>-8.6001448903383260e-01 1.7365813515647305e-01 -4.7981030704420263e-01 1.9491844108790957e+00 -1.2757607304631474e-01 8.3726827967321216e-01 5.3170120691901912e-01 -2.7521652702094328e+00 4.9406419040237798e-01 5.1848305656697813e-01 -6.9790822879158443e-01 8.6093106593702373e+00 0.0000000000000000e+00 0.0000000000000000e+00 0.0000000000000000e+00 1.0000000000000000e+00</transform>
          <orientation>1</orientation>
        </camera>
        <camera id="65" label="_MG_5761.tiff" sensor_id="2" enabled="true">
          <transform>-9.9871522083362063e-01 -7.0252788530368853e-03 -5.0185188375549902e-02 -8.9904135910588615e-02 -3.2957348166570817e-02 8.4232855175955934e-01 5.3795578265548072e-01 -2.9482501777994363e+00 3.8493127660399168e-02 5.3891859899958960e-01 -8.4147788014613900e-01 9.4276561704163377e+00 0.0000000000000000e+00 0.0000000000000000e+00 0.0000000000000000e+00 1.0000000000000000e+00</transform>
          <orientation>1</orientation>
        </camera>
        <camera id="66" label="_MG_5762.tiff" sensor_id="2" enabled="true">
          <transform>-4.2960670824802177e-01 -2.2057054485537206e-01 8.7566358321589655e-01 -4.2367602827767730e+00 2.9400893780451992e-01 8.8270733735352414e-01 3.6658764446351721e-01 -2.2111734439549022e+00 -8.5381310643451536e-01 4.1494143119777338e-01 -3.1436728194293129e-01 7.3191666116535812e+00 0.0000000000000000e+00 0.0000000000000000e+00 0.0000000000000000e+00 1.0000000000000000e+00</transform>
          <orientation>1</orientation>
        </camera>
        <camera id="67" label="_MG_5763.tiff" sensor_id="2" enabled="true">
          <transform>-1.6976760339149594e-01 -2.5303905101535795e-01 9.5244432881925156e-01 -4.9235279528761291e+00 3.3552999484867752e-01 8.9388977101895861e-01 2.9728891641721183e-01 -1.5755503115017966e+00 -9.2660594828414189e-01 3.7004366759738044e-01 -6.6851332638364416e-02 5.3826961687238342e+00 0.0000000000000000e+00 0.0000000000000000e+00 0.0000000000000000e+00 1.0000000000000000e+00</transform>
          <orientation>1</orientation>
        </camera>
        <camera id="68" label="_MG_5764.tiff" sensor_id="2" enabled="true">
          <transform>-1.6956669815694531e-01 -2.5320081666185362e-01 9.5243712722568807e-01 -4.9205261714813249e+00 3.3558096236077034e-01 8.9384396415077205e-01 2.9736910641869319e-01 -1.5748256947090955e+00 -9.2662427799900116e-01 3.7004366525182297e-01 -6.6596795942643616e-02 5.3821909808621387e+00 0.0000000000000000e+00 0.0000000000000000e+00 0.0000000000000000e+00 1.0000000000000000e+00</transform>
          <orientation>1</orientation>
        </camera>
        <camera id="69" label="_MG_5765.tiff" sensor_id="2" enabled="true">
          <transform>2.4731529884751019e-01 -2.6844847913764502e-01 9.3100513264141138e-01 -4.7304583193128131e+00 2.9502846209424860e-01 9.3609265175146583e-01 1.9154308625270589e-01 -1.0186736990665184e+00 -9.2292651360239353e-01 2.2730147686628516e-01 3.1070997586839144e-01 3.5212261150188011e+00 0.0000000000000000e+00 0.0000000000000000e+00 0.0000000000000000e+00 1.0000000000000000e+00</transform>
          <orientation>1</orientation>
        </camera>
        <camera id="70" label="_MG_5766.tiff" sensor_id="2" enabled="true">
          <transform>2.4735244830478337e-01 -2.6859274356366986e-01 9.3095365320867085e-01 -4.7330369328942759e+00 2.9503780164727417e-01 9.3606254290538904e-01 1.9167579755576986e-01 -1.0187403079358806e+00 -9.2291357228982895e-01 2.2725504147199344e-01 3.1078237435348455e-01 3.5203740884020549e+00 0.0000000000000000e+00 0.0000000000000000e+00 0.0000000000000000e+00 1.0000000000000000e+00</transform>
          <orientation>1</orientation>
        </camera>
        <camera id="72" label="_MG_5768.tiff" sensor_id="2" enabled="true">
          <transform>9.7645438688216646e-01 -8.3544937493362406e-02 1.9888960193484878e-01 -1.8883383452501403e+00 8.5018497281888747e-02 9.9637872678533312e-01 1.1348698462416637e-03 -1.4904259641841933e-02 -1.9826418097705373e-01 1.5801146441590912e-02 9.8002124380680111e-01 1.9886696219755653e-01 0.0000000000000000e+00 0.0000000000000000e+00 0.0000000000000000e+00 1.0000000000000000e+00</transform>
          <orientation>1</orientation>
        </camera>
        <camera id="73" label="_MG_5769.tiff" sensor_id="2" enabled="true">
          <transform>9.9847147670191616e-01 -3.2941819448894752e-02 4.4379575753845907e-02 -6.6881898239476201e-01 2.9759997526706498e-02 9.9706478398403575e-01 7.0541895963168302e-02 -6.3288769143200685e-01 -4.6573090512712925e-02 -6.9113334967026860e-02 9.9652109569734160e-01 -1.6996399490579753e-01 0.0000000000000000e+00 0.0000000000000000e+00 0.0000000000000000e+00 1.0000000000000000e+00</transform>
          <orientation>1</orientation>
        </camera>
        <camera id="75" label="_MG_5771.tiff" sensor_id="2" enabled="true">
          <transform>9.6573404906517524e-01 1.0853393002831396e-01 -2.3575014848095160e-01 1.3786368669941376e+00 -8.3540975208221541e-02 9.9001272928159600e-01 1.1355924146305590e-01 -8.1137930855949603e-01 2.4572067869318814e-01 -8.9973228757305179e-02 9.6515603203292710e-01 3.1819739021142712e-01 0.0000000000000000e+00 0.0000000000000000e+00 0.0000000000000000e+00 1.0000000000000000e+00</transform>
          <orientation>1</orientation>
        </camera>
        <camera id="76" label="_MG_5772.tiff" sensor_id="2" enabled="true">
          <transform>6.4844034344992041e-01 3.1443050638963799e-01 -6.9329544758212935e-01 3.5050656594411516e+00 -2.1608926621943991e-01 9.4927897528834015e-01 2.2841816061833392e-01 -1.2366673535035586e+00 7.2995242996464738e-01 1.6981540197489875e-03 6.8349584216850356e-01 1.6736379540842929e+00 0.0000000000000000e+00 0.0000000000000000e+00 0.0000000000000000e+00 1.0000000000000000e+00</transform>
          <orientation>1</orientation>
        </camera>
        <camera id="77" label="_MG_5773.tiff" sensor_id="2" enabled="true">
          <transform>2.4302068045910599e-01 4.3241100457428649e-01 -8.6830966365246065e-01 3.9978386115175626e+00 -2.7941630825551955e-01 8.8840961996252976e-01 3.6421816791435596e-01 -1.8621364803790530e+00 9.2890660216732746e-01 1.5410733363824675e-01 3.3672459691691742e-01 3.6814893417042098e+00 0.0000000000000000e+00 0.0000000000000000e+00 0.0000000000000000e+00 1.0000000000000000e+00</transform>
          <orientation>1</orientation>
        </camera>
        <camera id="78" label="_MG_5774.tiff" sensor_id="2" enabled="true">
          <transform>-1.3146325070872236e-01 4.6548266663600757e-01 -8.7523899637443447e-01 3.7816259350490662e+00 -2.7776702798220931e-01 8.3023779757364902e-01 4.8327081191190047e-01 -2.3201437629861004e+00 9.5161068293658113e-01 3.0664488670364021e-01 2.0149977158435223e-02 5.1285814583400153e+00 0.0000000000000000e+00 0.0000000000000000e+00 0.0000000000000000e+00 1.0000000000000000e+00</transform>
          <orientation>1</orientation>
        </camera>
        <camera id="79" label="_MG_5775.tiff" sensor_id="2" enabled="true">
          <transform>-4.7024332085485177e-01 4.3548050733262156e-01 -7.6761184652448100e-01 3.0075198928797540e+00 -2.3105309425924994e-01 7.7869273172196296e-01 5.8331132099129757e-01 -2.6909682960316652e+00 8.5175447567044049e-01 4.5165734500471599e-01 -2.6555593738168204e-01 6.5036535357125054e+00 0.0000000000000000e+00 0.0000000000000000e+00 0.0000000000000000e+00 1.0000000000000000e+00</transform>
          <orientation>1</orientation>
        </camera>
        <camera id="80" label="_MG_5776.tiff" sensor_id="2" enabled="true">
          <transform>-8.9400429474297616e-01 2.4934227037112675e-01 -3.7226973176352351e-01 1.6706420056006432e+00 -6.9843786259544210e-02 7.4314229245746510e-01 6.6547830819794174e-01 -3.1897547679332585e+00 4.4258125412408167e-01 6.2094119316343932e-01 -6.4695739282484399e-01 8.1639412472143729e+00 0.0000000000000000e+00 0.0000000000000000e+00 0.0000000000000000e+00 1.0000000000000000e+00</transform>
          <orientation>1</orientation>
        </camera>
        <camera id="81" label="_MG_5777.tiff" sensor_id="2" enabled="true">
          <transform>-9.9971545386520100e-01 7.5990766348818248e-03 -2.2611177266835741e-02 -3.5719959006873170e-01 -1.0032970641396344e-02 7.2602816344616095e-01 6.8759177233523094e-01 -3.2509362634340842e+00 2.1641414075885965e-02 6.8762297803177885e-01 -7.2574533362571736e-01 8.5425340739830560e+00 0.0000000000000000e+00 0.0000000000000000e+00 0.0000000000000000e+00 1.0000000000000000e+00</transform>
          <orientation>1</orientation>
        </camera>
        <camera id="82" label="_MG_5778.tiff" sensor_id="2" enabled="true">
          <transform>-8.2071566557263642e-01 -2.4684521445994295e-01 5.1526035785987756e-01 -2.3579718092259783e+00 1.8342725693819173e-01 7.4026817474674678e-01 6.4680558970161295e-01 -3.0479822914957779e+00 -5.4109170913607141e-01 6.2535627409928929e-01 -5.6227154716280969e-01 7.9909571206322365e+00 0.0000000000000000e+00 0.0000000000000000e+00 0.0000000000000000e+00 1.0000000000000000e+00</transform>
          <orientation>1</orientation>
        </camera>
        <camera id="83" label="_MG_5779.tiff" sensor_id="2" enabled="true">
          <transform>-3.6694171547237153e-01 -3.9802484867360655e-01 8.4079129234581484e-01 -4.0700803148291333e+00 2.8477492303535379e-01 8.1238270410943636e-01 5.0885910159301206e-01 -2.4006195735400908e+00 -8.8558287057530716e-01 4.2615790723884467e-01 -1.8474960741881610e-01 6.0312978450880141e+00 0.0000000000000000e+00 0.0000000000000000e+00 0.0000000000000000e+00 1.0000000000000000e+00</transform>
          <orientation>1</orientation>
        </camera>
